X =

    1.0000  -15.9368
    1.0000  -29.1530
    1.0000   36.1895
    1.0000   37.4922
    1.0000  -48.0588
    1.0000   -8.9415
    1.0000   15.3078
    1.0000  -34.7063
    1.0000    1.3892
    1.0000  -44.3838
    1.0000    7.0135
    1.0000   22.7627

X =

    1.0000  -15.9368
    1.0000  -29.1530
    1.0000   36.1895
    1.0000   37.4922
    1.0000  -48.0588
    1.0000   -8.9415
    1.0000   15.3078
    1.0000  -34.7063
    1.0000    1.3892
    1.0000  -44.3838
    1.0000    7.0135
    1.0000   22.7627

